$ANSIBLE_VAULT;1.1;AES256
30613266663664356532346131613462336135323337373466656534336336636663333532313561
6135326566643762633032323134653332323365643863650a643637623263633839323532666433
66316337643462326535646339386666323964633966643863323330346337386634363431636662
6163373537353361610a373863303032306638376439623964616438323963386163376139656465
36343833353636656435636433336537653630363864346231383832393362373263383935336634
38653066333034333234363962343535623032366365643663353138393932653235393433353761
61363661386134356637653334336163383166386637333239376164306430346539643537636330
36383738623366323362653963656566633030316538656331616364646366663633303864393761
38616437323963353965646261393462653038303330663566383436626330656366353464656633
37316231616366373834333333303139373461383534363366303639353038653036643432306435
30316163613863623730613037666535656235363833323734303331336133326232396536313966
64363635666430396630383139306566633166363566363639643633313032616639393535623165
35663936393633313538333538613834656465383537636661386130363930333062666338303964
66393536313333656666306565323238646331376361303162383136313539336134633166303036
35643937306164663730626535613936643838303863653639613565303432323733633133623630
66663362636435353637653966313738343834656135633665326636653633626530356561623936
39363265363830656534396235323734383633366363616666636365396232363331396161303338
30313238666264616433626334663162313762383064643631303331656536326335333763656334
63623964336439303536623162313063666530353636623639303237623132396131613230376631
35383662653039373535303163646433373337333938316566643631383363333430393532376533
35313261616166313134653563343837633566323632653066363164393234313133316438316233
62636563363436376536363864623262653461666166336637333836656139366435333034663662
61303539326135373238363839393631343531623766653562313161613539346465303937383037
38343834353639316230333633663939383738303861303030303363386364356366643661386538
61313830356134333730666337623564636561653366353130303861346139373464623034333033
66383239306432643935613635623965613233346235333434376464303533323838393366353961
35303962613634313839373632323130306663376239663431333164316430623130616165656134
39393565616133616139653435353761633937636262343765613437373562623432616338636531
36653035313239613936316162353732656138616337613832343834653933346336303864333261
35316435616339323635363038663338313164646232626661396530653461396336373633393339
31336638373130393764323938653230633763383262346661356432396135643663326135643565
62393164333566393263653062303033663334373963333332653338616336643639383033656433
37636363393563313835623066376366646439623963323761653061666630363363346234656330
62396630316137366566666239653065613561386633643262613334356235373161376430316430
36383363323638646337613762373937353035643137323332323361333839313239663637393739
61663732616464306561303831303966333961343436343539323461616462623361333136666133
35363831373966346537383137393264653136346666666137333233353630333033663330306461
30326431306633393263376236643663323063666332653931663465363964373531373436383038
33613134633236633235646631666366376366363462656566643230343531343633333838306430
30396239333530373331663135323333323734393635333538303437313836343937383461303866
66643335653531636466343464353539323135376361336435326231396638333631346630313132
36643462666563636466353230646262636235303566333736643530353138616532323062356230
34666263346465643434633738623934386164323734323931633838323863366265323263373830
36653732653662336638333565373931663636656261356535313233356633323031326465653663
39336566376665633537663661653437343230666636646139383530636631376263386461313663
31326337633737353764623138363865616562333562656134343731643930346566666333373336
63326637646564656537646561633762333038356265376361343337643864663261313935663161
39663163633839333630646433353635366238366339396635313035353630643863363262373961
62343662663436626666636364643137336261333462363561353236646137636161663835386432
35663538326566623331333432343166373639316133313766613537626636353032303630383337
63323364643131656333366366656432373239626164396532363439656264366630303366383766
30383436346338373233363438646462663061303839323561316535343835393330626233306539
64323630656466313633376163653532326237616636623564623561363063356432333463343164
34363534376435396562303938386336343333663461326431313266306633373464616461366161
33376566643662383332623535626535316130366632623363333631333162656233386264613330
31613266303564323239373562656665386534336362306433623366353231386631366637393531
61323064646338663063643937653232623661353237353530326431363630656264
